Epoch	AverageEpRet	StdEpRet	MaxEpRet	MinEpRet	AverageEpCost	StdEpCost	MaxEpCost	MinEpCost	EpLen	CumulativeCost	CostRate	AverageVVals	StdVVals	MaxVVals	MinVVals	AverageCostVVals	StdCostVVals	MaxCostVVals	MinCostVVals	LossPi	DeltaLossPi	SurrCost	DeltaSurrCost	LossV	DeltaLossV	LossVC	DeltaLossVC	Penalty	DeltaPenalty	StopIter	Entropy	KL	TotalEnvInteracts	Time
0	-519.8246	26.806793	-493.01776	-546.63135	0.0	0.0	0.0	0.0	500.0	0.0	0.0	0.047562957	0.026281852	0.10222558	0.00016379543	0.16045819	0.07909168	0.26829085	-0.026151646	5.2452087e-09	-0.011228185	7.497147e-10	0.0002289396	8580.698	-2395.505	0.018052198	-0.017266639	0	0	79.0	3.675754	0.007998675	1000	1.4975390434265137
1	-482.871	77.08493	-405.78607	-559.95593	0.0	0.0	0.0	0.0	500.0	0.0	0.0	-14.430637	0.39610565	-13.406283	-14.880723	0.033939704	0.046111878	0.12680103	-0.03658111	-6.818772e-08	-0.006212836	-1.8253922e-10	0.00017205212	5708.0894	-996.0508	0.00097578723	-0.000903056	0	0	4.0	3.6465478	0.02183267	2000	2.4212646484375
2	-391.26392	28.342667	-362.92126	-419.6066	0.0	0.0	0.0	0.0	500.0	0.0	0.0	-21.774414	0.11861755	-21.487349	-21.898407	0.006126027	0.014791171	0.04704813	-0.018334469	-7.545948e-08	-0.012782608	5.867332e-11	-8.127198e-05	2505.505	-421.28174	0.00010983577	-9.542696e-05	0	0	79.0	3.6449535	0.008822531	3000	3.4694197177886963
3	-444.122	10.17627	-433.94574	-454.29828	0.0	0.0	0.0	0.0	500.0	0.0	0.0	-26.393053	0.051170483	-26.22719	-26.449007	0.015481438	0.017610775	0.066632256	-0.005113712	6.139278e-08	-0.01604456	-9.103678e-11	4.637076e-06	3236.974	-521.57764	6.091946e-05	-4.959267e-05	0	0	79.0	3.6558201	0.0077073127	4000	4.498290300369263
4	-466.25824	34.96318	-431.29504	-501.2214	0.0	0.0	0.0	0.0	500.0	0.0	0.0	-31.394691	0.03559585	-31.306126	-31.431684	0.011984091	0.014696019	0.046691835	-0.01817127	1.9073487e-09	-0.012741358	7.450581e-12	3.037494e-05	3013.2236	-500.68774	4.517582e-05	-3.622965e-05	0	0	79.0	3.6494212	0.0071222004	5000	5.570694446563721
5	-403.77072	24.46701	-379.3037	-428.23773	0.0	0.0	0.0	0.0	500.0	0.0	0.0	-36.354992	0.030747626	-36.274353	-36.390945	0.0068022506	0.0120352525	0.042268384	-0.008517854	-3.7789345e-08	-0.012672726	6.949995e-11	1.5601912e-05	1780.7517	-299.14722	2.6726024e-05	-2.031914e-05	0	0	79.0	3.6352024	0.008036768	6000	6.636549711227417
6	-397.8645	21.619156	-376.24533	-419.48364	0.0	0.0	0.0	0.0	500.0	0.0	0.0	-40.329296	0.021306809	-40.269905	-40.350502	0.0071917837	0.0070560584	0.027769556	-0.001418625	1.5318393e-07	-0.004178815	7.916242e-11	-1.1976775e-06	1283.9253	-220.58704	1.2044983e-05	-9.405369e-06	0	0	4.0	3.6331098	0.015505971	7000	7.634641170501709
7	-336.6894	32.071426	-304.61795	-368.7608	0.0	0.0	0.0	0.0	500.0	0.0	0.0	-43.79836	0.019615032	-43.735977	-43.81594	0.0030638266	0.005286893	0.01587972	-0.003926347	-1.513362e-07	-0.008445956	-5.2386897e-12	4.89963e-06	482.88586	-87.74841	5.850678e-06	-4.208655e-06	0	0	79.0	3.632711	0.0072112656	8000	8.700712203979492
8	-357.86377	16.491714	-341.37204	-374.35547	0.0	0.0	0.0	0.0	500.0	0.0	0.0	-46.117897	0.014874714	-46.077682	-46.131245	0.0021098163	0.0034648324	0.0113461055	-0.0034023514	6.5743926e-08	-0.004531167	-9.546057e-12	4.5164297e-06	544.9172	-104.66498	2.0183354e-06	-1.4742004e-06	0	0	5.0	3.5991044	0.010765669	9000	9.703260898590088
9	-249.00333	0.9408951	-248.06244	-249.94423	0.0	0.0	0.0	0.0	500.0	0.0	0.0	-48.624252	0.022151321	-48.5465	-48.644157	0.00071845244	0.0015942736	0.0058841268	-0.001935293	-1.859665e-08	-0.012797841	-1.1466909e-11	8.504113e-07	37.251793	0.2992134	4.5868092e-07	-3.0491708e-07	0	0	79.0	3.5968103	0.009122807	10000	10.802485466003418
10	-266.7594	76.97973	-189.77968	-343.73914	0.0	0.0	0.0	0.0	500.0	0.0	0.0	-48.79311	0.014198118	-48.75567	-48.80901	0.0024910728	0.0018270296	0.0069457088	0.0001271964	4.9933792e-08	-0.0124824215	6.6356733e-12	5.4438206e-06	264.02426	-3.6413574	4.3026657e-06	-4.0207938e-06	0	0	79.0	3.6090193	0.010041841	11000	11.916887998580933
11	-246.25919	37.604362	-208.65483	-283.86356	0.0	0.0	0.0	0.0	500.0	0.0	0.0	-49.262577	0.017443446	-49.211014	-49.278202	0.0020394367	0.0021408359	0.008086967	-0.00047928243	2.1390617e-08	-0.011541851	9.778887e-12	4.4669805e-06	110.550095	-0.34609222	1.9759248e-06	-1.5995886e-06	0	0	79.0	3.635206	0.009009556	12000	13.06033992767334
12	-313.5395	97.59505	-215.94446	-411.13455	0.0	0.0	0.0	0.0	500.0	0.0	0.0	-49.452217	0.01320969	-49.405247	-49.4656	-0.0010736635	0.0017644004	0.0019662546	-0.005695861	-4.9680473e-08	-0.012631027	-1.0011718e-11	-9.790803e-07	497.17035	-35.79474	4.3201276e-06	-4.2220063e-06	0	0	79.0	3.553698	0.008437746	13000	14.169999122619629
13	-238.16156	17.790749	-220.37082	-255.95232	0.0	0.0	0.0	0.0	500.0	0.0	0.0	-51.0655	0.01309357	-51.024235	-51.078365	0.000104007486	0.0007703825	0.0025492692	-0.0011978598	-3.939867e-08	-0.014085762	-8.440111e-12	5.001453e-06	68.62324	-3.8189163	4.0332287e-07	-3.5336504e-07	0	0	79.0	3.610804	0.008404961	14000	15.29683518409729
14	-269.82507	39.100113	-230.72495	-308.92517	0.0	0.0	0.0	0.0	500.0	0.0	0.0	-50.604687	0.018521758	-50.53499	-50.620655	-0.0005678371	0.0012994158	0.0009817962	-0.0042886245	3.1679868e-08	-0.0048218793	5.4831615e-11	-4.040772e-06	71.14493	-1.453804	1.6962604e-06	-1.6458006e-06	0	0	4.0	3.6123369	0.02069589	15000	16.370972156524658
15	-347.5503	31.576889	-315.97342	-379.1272	0.0	0.0	0.0	0.0	500.0	0.0	0.0	-50.922054	0.010141701	-50.88759	-50.931107	9.959151e-05	0.0009245755	0.0034242624	-0.00073987513	-9.5665456e-08	-0.0054893275	-1.5934347e-12	5.9513035e-08	331.31775	-74.1012	1.3302528e-07	-1.1264049e-07	0	0	5.0	3.6120782	0.017471952	16000	17.471935510635376
16	-290.94867	30.574936	-260.37375	-321.52362	0.0	0.0	0.0	0.0	500.0	0.0	0.0	-53.449715	0.015144933	-53.39987	-53.466938	-0.00046293373	0.0005228416	0.00062182796	-0.0014850674	9.536744e-10	-0.0041607018	4.278263e-12	2.7303512e-08	51.38131	-7.2370605	3.609636e-07	-3.3145494e-07	0	0	6.0	3.6133645	0.01233596	17000	18.562671661376953
17	-261.98877	21.077393	-240.91138	-283.06616	0.0	0.0	0.0	0.0	500.0	0.0	0.0	-54.40445	0.01310591	-54.34951	-54.414787	-0.0008849723	0.00094176107	0.0005523134	-0.0023935384	-9.536744e-10	-0.01457202	3.783498e-13	3.027137e-06	42.067204	-2.8127708	1.0108589e-06	-9.467198e-07	0	0	79.0	3.6137562	0.008271951	18000	19.7485249042511
18	-217.03604	10.58638	-206.44966	-227.62242	0.0	0.0	0.0	0.0	500.0	0.0	0.0	-53.9219	0.018169807	-53.858932	-53.936867	0.00034688372	0.0005685752	0.0013791716	-0.0007310228	1.692772e-08	-0.014941818	6.4028427e-12	-4.0980694e-07	119.92925	-31.245522	2.3493426e-07	6.5515273e-06	0	0	79.0	3.6270556	0.009171703	19000	21.005743265151978
19	-199.55986	7.731949	-191.82791	-207.29181	0.0	0.0	0.0	0.0	500.0	0.0	0.0	-52.123272	0.016477006	-52.057743	-52.137913	0.0019142076	0.00039519285	0.0026734013	0.0011828688	1.0800362e-07	-0.017499527	1.9848812e-11	7.6639276e-07	137.56386	-45.75508	3.0057304e-06	-2.8826923e-06	0	0	79.0	3.6375294	0.007533146	20000	22.266979455947876
20	-196.17635	28.952225	-167.22412	-225.12857	0.0	0.0	0.0	0.0	500.0	0.0	0.0	-49.838173	0.02093386	-49.760628	-49.8561	0.00042865763	0.0008912419	0.002010928	-0.0014531947	-3.5345554e-08	-0.015377311	-1.877197e-12	1.8185965e-06	143.17638	-38.490295	4.9366184e-07	-3.1875496e-07	0	0	35.0	3.5991154	0.0125202015	21000	23.436744689941406
21	-168.21014	16.930756	-151.27939	-185.1409	0.0	0.0	0.0	0.0	500.0	0.0	0.0	-47.692474	0.0254084	-47.58357	-47.714718	-3.8307903e-06	0.0010109302	0.0018662852	-0.0018780609	3.5107135e-08	-0.0040705837	-7.508788e-12	6.19786e-07	206.39537	-65.44528	8.345128e-07	-7.734116e-07	0	0	5.0	3.625989	0.017049853	22000	24.567949056625366
22	-184.0531	42.521156	-141.53194	-226.57425	0.0	0.0	0.0	0.0	500.0	0.0	0.0	-44.857056	0.028929215	-44.743923	-44.893803	-8.21172e-05	0.00089471764	0.0010611485	-0.002675923	3.904104e-09	-0.014718217	-8.4401106e-13	1.3930286e-06	139.45012	-30.337135	2.2759012e-07	-1.383082e-07	0	0	79.0	3.6306815	0.0114384815	23000	25.813955307006836
23	-213.65633	26.728073	-186.92825	-240.3844	0.0	0.0	0.0	0.0	500.0	0.0	0.0	-42.84518	0.031023743	-42.72463	-42.881683	6.5837296e-05	0.0001575837	0.0004703937	-0.0004641445	2.348423e-08	-0.005124062	2.1827872e-13	-6.468827e-07	36.46625	-0.8850441	2.4416817e-08	8.034391e-08	0	0	4.0	3.6206667	0.013094903	24000	27.00600028038025
24	-107.47194	47.989628	-59.482307	-155.46156	0.0	0.0	0.0	0.0	354.5	0.0	0.0	-42.28183	0.08319739	-42.04899	-42.41728	-0.0011641406	0.0012282068	0.0007119198	-0.0037693824	3.6001204e-08	-0.006701557	3.783498e-12	1.1874779e-07	280.10706	-176.85559	1.1570972e-06	-9.470706e-07	0	0	4.0	3.6186097	0.018446224	25000	28.360766410827637
25	-131.7207	59.940968	-71.77973	-191.66167	50.5	50.5	101.0	0.0	388.0	108.0	0.004153846153846154	-30.41366	0.6114892	-29.350521	-31.284647	-0.00066907756	0.0007021166	0.0008569566	-0.002619171	-2.2411346e-08	-0.013766876	9.560585e-08	0.04494661	110.48039	-25.412422	299.35025	-100.60333	0	0	79.0	3.6175904	0.009134331	26000	29.85328769683838
26	-157.6643	15.242912	-142.4214	-172.90723	1.5	1.5	3.0	0.0	495.0	111.0	0.004111111111111111	-24.048347	3.7528906	-17.823927	-32.675953	10.591971	4.7997947	18.998583	0.79640585	-2.360344e-08	-0.00470107	-1.950264e-07	0.008826681	141.74991	-50.37429	100.72944	-93.5202	0	0	5.0	3.6747305	0.01310865	27000	31.214444398880005
27	-182.04346	20.933075	-161.11038	-202.97653	0.0	0.0	0.0	0.0	500.0	111.0	0.0039642857142857145	-25.513874	2.6112847	-20.554077	-31.961231	-0.6087817	1.1541495	3.3681378	-2.272137	8.8214875e-09	-0.010657694	1.1503697e-08	0.0019550284	87.233925	-44.621395	1.6692898	-1.2993722	0	0	79.0	3.6774864	0.0074643553	28000	32.72262787818909
28	-150.34344	19.68525	-130.6582	-170.0287	0.0	0.0	0.0	0.0	500.0	111.0	0.0038275862068965515	-27.62397	4.5310144	-20.014992	-36.041187	0.4124852	0.4571933	1.9055517	-0.38652846	-3.9339065e-09	-0.0077736476	3.784895e-09	0.0006232147	12.853682	-3.0500803	0.2843984	-0.16820906	0	0	79.0	3.6637125	0.006565382	29000	34.101088762283325
29	-91.070465	34.174763	-56.895702	-125.245224	4.0	4.0	8.0	0.0	341.5	119.0	0.003966666666666667	-26.66175	4.5942426	-17.68615	-36.683323	0.4696523	0.43739438	1.9650912	-0.18974772	1.34706495e-08	-0.003644058	3.710389e-09	0.012975575	44.08113	-37.27034	1.9261296	-0.27675426	0	0	6.0	3.6455956	0.013654935	30000	35.46148443222046
30	-170.73413	4.079872	-166.65425	-174.814	0.0	0.0	0.0	0.0	500.0	119.0	0.003838709677419355	-23.237698	5.5306277	-16.775421	-36.755795	-0.15674073	0.39662853	1.0474633	-0.8461709	1.2874604e-08	-0.0040567573	2.8014182e-09	0.0008822842	50.75683	-42.723595	0.17839219	-0.09944735	0	0	4.0	3.6417139	0.016696446	31000	36.76808047294617
31	-114.518326	26.209385	-88.30894	-140.7277	35.0	17.0	52.0	18.0	371.5	193.0	0.00603125	-25.242098	6.6784205	-15.248645	-37.10532	1.5132964	0.4991068	2.6171868	0.56590277	-4.172325e-08	-0.0070905406	-2.3543835e-07	-0.0065157325	69.03494	-28.378521	93.083534	-38.451347	0	0	4.0	3.636839	0.02133067	32000	38.1499342918396
32	-168.41476	41.005127	-127.40964	-209.41989	37.0	37.0	74.0	0.0	500.0	267.0	0.008090909090909091	-24.049877	4.5811195	-19.076899	-37.173218	-1.5516216	3.3446336	10.458261	-5.330071	6.639957e-08	-0.0018679255	1.450777e-07	0.04306145	61.30904	-33.150696	230.17183	-143.42775	0	0	5.0	3.6313689	0.012863985	33000	39.48175883293152
33	-133.60728	7.393017	-126.21427	-141.0003	0.0	0.0	0.0	0.0	500.0	267.0	0.007852941176470589	-28.078102	4.4105215	-22.666876	-38.36702	10.271729	4.2059298	15.63824	1.2424129	-8.2075594e-08	-0.0036135733	1.0752678e-07	0.0029103158	21.485403	-18.137245	63.38429	-57.681675	0	0	4.0	3.6252298	0.016338836	34000	40.86985445022583
34	-110.529526	3.8955498	-106.63398	-114.42508	4.0	0.0	4.0	4.0	500.0	275.0	0.007857142857142858	-24.479437	3.3536854	-19.881588	-36.02064	4.3074756	1.0610512	6.9506664	2.120247	-1.7404556e-08	-0.0052908496	1.34706495e-08	-0.0039282953	29.68315	-26.864326	11.825187	-9.77311	0	0	5.0	3.619429	0.012137615	35000	42.22699546813965
35	-99.91072	43.291626	-56.6191	-143.20235	72.0	12.0	84.0	60.0	334.0	422.0	0.011722222222222222	-14.076718	6.4116473	-2.1815948	-34.80047	5.729627	1.9656346	9.518216	1.3255173	1.3953448e-07	-0.016987845	-2.3841857e-09	0.01015464	59.448624	-50.839172	178.25961	-48.521027	0	0	79.0	3.616221	0.008291525	36000	43.82060360908508
36	-120.07948	0.45908737	-119.62039	-120.53857	34.0	3.0	37.0	31.0	500.0	490.0	0.013243243243243243	-29.270132	3.9119804	-22.731213	-38.562916	6.7907853	1.5318794	10.675231	2.9434261	-2.6941299e-08	-0.017563274	-7.349253e-08	-0.009059643	69.334206	-59.656105	26.63837	-8.457081	0	0	79.0	3.6009898	0.008549306	37000	45.31698250770569
37	-89.33984	43.285336	-46.05451	-132.62518	30.0	25.0	55.0	5.0	324.5	550.0	0.014473684210526316	-9.7940235	12.335139	4.589509	-37.84879	9.245233	3.0331438	14.702729	1.5383098	6.896257e-08	-0.0074402676	1.1444092e-08	0.032583814	178.24797	-143.67308	81.944016	-21.93539	0	0	3.0	3.5958714	0.020918772	38000	46.827316999435425
38	-78.625015	40.329952	-38.295067	-118.95497	8.5	8.5	17.0	0.0	308.0	569.0	0.01458974358974359	-18.505676	4.850759	-12.164285	-36.320076	8.64348	4.346415	16.926092	-1.0790749	2.3841857e-09	-0.0035101466	-1.704693e-08	0.011209873	29.1612	-10.202694	40.427383	-32.150345	0	0	5.0	3.5960839	0.0132875	39000	48.35000562667847
39	-62.448936	35.098625	-25.285948	-116.28937	15.0	15.016658	31.0	0.0	236.0	629.0	0.015725	-21.846077	3.0928504	-18.749063	-34.518948	2.0048182	2.4074724	6.161549	-2.625586	-2.2053719e-08	-0.0048704883	7.9154965e-08	0.022101145	74.31691	-21.737331	31.459738	-12.00666	0	0	7.0	3.5953293	0.012096292	40000	49.99934530258179
40	-93.232285	55.514465	-37.71782	-148.74675	14.0	11.0	25.0	3.0	308.0	664.0	0.016195121951219513	-14.102556	3.6895473	-11.338092	-32.038807	8.106277	2.806859	15.1271715	0.5878159	1.2874604e-08	-0.011707725	7.176399e-08	0.023735384	117.82076	-74.436066	43.11851	-26.399343	0	0	79.0	3.5927896	0.0054368456	41000	51.58048415184021
41	-52.966267	39.0273	-26.494026	-130.55437	29.2	25.419678	76.0	6.0	194.6	811.0	0.01930952380952381	-21.420527	1.4653652	-20.611027	-29.158924	4.3391194	1.6312127	9.021075	1.5523865	-3.576279e-08	-0.0030446453	-8.6545946e-08	-0.021168036	94.24246	-21.018898	163.85272	-56.359566	0	0	6.0	3.5304625	0.013946267	42000	53.3344304561615
42	-161.11584	22.166962	-138.94888	-183.2828	73.5	66.5	140.0	7.0	500.0	958.0	0.022279069767441862	-17.468386	0.45827198	-17.163149	-21.95844	3.8090122	4.4528823	18.37118	-1.363136	9.250641e-08	-0.012534569	-2.193451e-08	-0.0003233757	172.2365	-112.87195	377.27582	-175.4185	0	0	79.0	3.5313652	0.008191638	43000	54.90659832954407
43	-99.13917	55.087715	-44.051453	-154.22688	13.5	13.5	27.0	0.0	313.0	985.0	0.022386363636363635	-24.674658	1.6166325	-24.058182	-35.250183	7.8483768	15.6392765	32.839836	-5.8835435	2.6226044e-09	-0.0065877885	6.67572e-08	-0.06499832	67.99714	-11.975933	245.01111	-222.27632	0	0	5.0	3.4550393	0.015643677	44000	56.43983435630798
44	-69.5507	44.014557	-38.355988	-131.79663	26.0	18.018509	49.0	5.0	244.66667	1063.0	0.02362222222222222	-26.015495	0.65898937	-25.781921	-31.009342	2.4303343	2.57927	7.5781527	-0.4788285	-1.5974045e-08	-0.013274063	2.4080277e-08	-0.013202693	88.69896	-19.978836	50.517525	-10.614052	0	0	79.0	3.4521682	0.01028446	45000	58.12461876869202
45	-58.19044	38.190445	-28.762922	-112.12512	56.333332	40.30164	92.0	0.0	244.33333	1266.0	0.02752173913043478	-23.216022	0.31015646	-23.059965	-26.259993	3.703507	4.481779	12.183522	-1.7484003	3.4570693e-08	-0.0034892813	6.985665e-08	0.037227795	68.092834	-23.44952	248.11922	-110.14021	0	0	5.0	3.4576063	0.020370044	46000	59.739699602127075
46	-51.50213	24.980886	-28.216665	-93.61021	17.25	17.253622	35.0	0.0	213.75	1351.0	0.02874468085106383	-20.422258	0.4529617	-20.17959	-24.391045	8.802498	9.880877	25.632061	-1.1143947	-2.6226044e-08	-0.0025111279	-4.067421e-07	0.009079101	66.73478	-27.287373	99.06757	-75.153595	0	0	6.0	3.4583972	0.0154030025	47000	61.544801235198975
47	-59.671967	28.853516	-31.190968	-99.21884	21.333334	19.136932	48.0	4.0	246.33333	1415.0	0.029479166666666667	-17.44581	1.3758742	-16.939789	-25.62328	2.4169986	5.3704553	21.38093	-1.9364146	1.26361845e-08	-0.010127553	-5.4121017e-08	0.02120407	28.327484	-6.175461	33.409344	-3.4596863	0	0	79.0	3.4591296	0.009892207	48000	63.38027262687683
48	-73.50034	26.984987	-46.515354	-100.48533	24.0	24.0	48.0	0.0	315.0	1471.0	0.030020408163265306	-16.116308	1.8729922	-15.426747	-27.0607	1.6026324	5.7658644	22.5848	-2.291124	-5.2452087e-09	-0.008669572	2.3841858e-08	0.014089529	17.56902	-4.348709	54.425575	-19.082058	0	0	22.0	3.4373364	0.012269821	49000	64.9665687084198
49	-45.83465	30.539127	-27.332714	-106.73152	32.2	21.385975	67.0	8.0	189.6	1635.0	0.0327	-18.635914	3.910709	-15.584104	-28.772831	5.5743313	5.9750214	19.11917	-0.071401715	6.6757204e-09	-0.0036656796	-1.1086464e-07	-0.004786305	71.28675	-23.29918	73.55993	-17.312325	0	0	5.0	3.4161592	0.017164597	50000	66.81504535675049
50	-86.275024	22.09148	-64.18354	-108.3665	7.0	7.0	14.0	0.0	375.5	1654.0	0.03243137254901961	-15.021034	1.8126757	-14.459448	-25.375381	-0.60450244	4.5630045	17.968475	-3.703183	2.169609e-08	-0.005135436	2.4318695e-08	0.030092468	25.163385	-9.384174	13.905488	-9.009556	0	0	6.0	3.4103386	0.013960572	51000	68.43972301483154
51	-62.2999	31.551546	-36.019413	-106.669174	18.666666	12.256517	36.0	10.0	278.66666	1842.0	0.035423076923076925	-16.621872	3.6431408	-14.531892	-28.481642	3.8238914	4.7912846	21.523928	0.103633165	1.5735626e-08	-0.0040214374	-9.036064e-08	0.009435916	32.863453	-4.6328545	345.02682	-108.53377	0	0	5.0	3.4054623	0.015993165	52000	70.18110203742981
52	-57.995	34.198433	-32.835556	-106.345535	8.666667	6.342099	15.0	0.0	245.33333	1873.0	0.03533962264150944	-15.0781765	3.4024236	-13.212043	-27.791563	9.882976	9.593539	26.108332	0.52307296	2.6702882e-08	-0.010634506	2.9087067e-08	-0.012950146	25.632483	-1.4202194	122.854546	-114.880875	0	0	79.0	3.4049597	0.008943704	53000	71.96162176132202
53	-37.183975	12.753703	-25.472126	-64.458176	37.166668	19.012424	70.0	12.0	149.66667	2108.0	0.03903703703703704	-15.902298	3.7277536	-13.616528	-27.525648	2.6171153	1.7828009	11.661272	1.5353212	2.7656554e-08	-0.0046167043	3.71933e-08	-0.0017333077	55.944466	-26.351873	193.94969	-118.61067	0	0	5.0	3.431556	0.011754496	54000	73.92495775222778
54	-119.104904	13.737961	-105.36694	-132.84286	16.5	16.5	33.0	0.0	500.0	2141.0	0.03892727272727273	-10.745166	2.5950425	-9.7977	-24.422382	3.093285	5.0363197	23.159132	0.8633959	1.3339519e-07	-0.006355705	1.2397766e-07	-0.03833253	83.57425	-75.86019	31.265715	-10.950384	0	0	5.0	3.4331903	0.013227157	55000	75.49042391777039
55	-38.99476	8.184858	-27.055933	-48.74594	24.75	14.686303	43.0	2.0	136.25	2240.0	0.04	-20.304035	2.8072631	-17.150957	-29.27595	4.0850663	4.5317163	21.075422	1.5452986	-3.3140182e-08	-0.014678437	-4.172325e-08	0.004143571	84.94065	-41.24938	28.73632	-13.696461	0	0	79.0	3.4344468	0.012230159	56000	77.62101125717163
56	-56.714844	28.38439	-27.72198	-103.76814	7.75	12.852529	30.0	0.0	235.5	2273.0	0.03987719298245614	-15.157411	2.5156486	-11.7824	-24.95262	3.8348067	7.1059585	21.618395	-0.7127543	7.629395e-09	-0.005458362	4.4345857e-08	0.03470716	32.435444	-4.4538307	31.202215	-13.525051	0	0	5.0	3.472807	0.012098707	57000	79.44308757781982
57	-88.09269	55.996788	-32.0959	-144.08948	6.0	6.0	12.0	0.0	300.5	2290.0	0.03948275862068965	-12.030931	3.6995208	-9.918639	-26.945276	3.1765287	3.9974334	16.33194	-0.5608535	-6.055832e-08	-0.011672172	3.236532e-08	0.00039001156	119.097176	-86.96872	10.046437	-8.588094	0	0	79.0	3.4714866	0.007019419	58000	81.22155737876892
58	-64.07886	33.578114	-34.519386	-111.04419	19.0	14.165687	34.0	0.0	276.33334	2382.0	0.04037288135593221	-19.675838	3.2534025	-17.874348	-31.269491	0.8801527	1.8410685	7.110013	-2.6552293	-2.1040439e-08	-0.011022515	-2.0861625e-08	-0.008703028	43.389828	-11.389172	40.921978	-32.175575	0	0	79.0	3.3994408	0.010282772	59000	83.10352420806885
59	-42.559814	31.197493	-23.230715	-104.69419	20.0	30.796104	81.0	0.0	179.0	2493.0	0.04155	-17.47882	2.7274027	-16.086872	-28.052986	4.422212	6.2924266	19.027937	-0.3334223	8.34465e-09	-0.0035971731	-3.004074e-08	0.017487956	57.03735	-8.739662	94.530785	-4.72316	0	0	4.0	3.4016933	0.015933534	60000	85.049968957901
60	-124.15883	7.4146614	-116.74416	-131.57349	13.0	13.0	26.0	0.0	500.0	2519.0	0.04129508196721311	-14.943301	0.85034937	-14.7563305	-22.900888	1.4562212	3.6091506	18.10686	-0.35905698	-9.793043e-08	-0.006215915	-5.6773426e-09	-0.0074700667	65.93128	-45.407364	1.5489143	-0.7926219	0	0	4.0	3.4002461	0.008679047	61000	86.66263818740845
61	-76.98377	77.6598	-17.752024	-186.695	24.333334	22.365648	54.0	0.0	223.33333	2604.0	0.042	-20.570988	2.4538066	-19.391695	-30.994694	3.2400186	5.8519306	20.634016	-1.9931105	2.360344e-08	-0.01094186	2.6226044e-08	0.012600833	139.29706	-63.489166	32.487804	-4.5705414	0	0	79.0	3.3985314	0.006915526	62000	88.66760993003845
62	-40.142635	32.030125	-16.992838	-102.60755	24.6	21.978172	54.0	0.0	168.8	2756.0	0.04374603174603175	-22.579567	2.318915	-20.92119	-30.314943	3.327854	6.3105826	18.311634	-0.95621336	-2.1457673e-08	-0.0054414677	-6.604195e-08	0.019867856	111.42645	-59.037495	29.225063	-6.649929	0	0	4.0	3.3680708	0.022232855	63000	90.65555357933044
63	-53.34452	45.505127	-21.509392	-141.69254	11.4	12.322337	36.0	4.0	188.6	2818.0	0.04403125	-16.963703	0.049797926	-16.90598	-17.545288	3.161845	5.9344525	23.116901	-0.60368454	-1.2159347e-08	-0.0019902214	-1.1920929e-08	0.00022258615	93.601685	-1.8182449	14.026791	-10.597515	0	0	4.0	3.3642685	0.014703993	64000	92.66330790519714
64	-112.430145	0.6164398	-111.813705	-113.046585	10.5	5.5	16.0	5.0	500.0	2839.0	0.04367692307692308	-17.607477	0.101638414	-17.555641	-18.930458	1.4179442	3.4281533	21.332348	0.2744457	-3.2663344e-08	-0.0033998464	1.2069941e-08	-0.0021671813	13.522739	-6.9059396	2.3541813	-1.6227771	0	0	3.0	3.360129	0.019656839	65000	94.37100148200989
65	-170.67549	58.72656	-111.94894	-229.40205	32.0	17.0	49.0	15.0	500.0	2903.0	0.04398484848484849	-15.05821	14.459806	20.311186	-30.069927	7.15581	10.51646	26.661783	0.097736925	-2.7447939e-08	-0.004237325	1.9812583e-07	0.027766794	826.7	-691.3371	69.49919	-40.640606	0	0	5.0	3.3583894	0.012436951	66000	96.08482503890991
66	-25.219797	5.324126	-18.785648	-34.90918	15.5	16.583124	53.0	0.0	89.625	3105.0	0.04634328358208955	-24.042274	7.1539173	-20.077333	-42.35264	6.827274	5.4503055	18.723787	2.308113	7.1525574e-10	-0.011929895	4.768372e-10	-0.033035573	151.33983	-79.80763	173.3981	-30.11316	0	0	79.0	3.359195	0.01084713	67000	98.47131443023682
67	-65.95475	49.067585	-16.887165	-115.02234	17.0	7.0	24.0	10.0	284.5	3139.0	0.046161764705882354	-14.497047	0.64527476	-13.694949	-17.069632	4.4816904	4.9101725	19.979582	-1.1983994	-3.385544e-08	-0.004388357	-5.3882598e-08	0.005384543	59.62655	-24.60748	23.918066	-19.063007	0	0	6.0	3.356261	0.01913988	68000	100.31563305854797
68	-82.8238	47.87606	-40.808445	-149.812	16.0	10.708252	28.0	2.0	318.66666	3217.0	0.0466231884057971	-20.763344	4.479141	-16.638931	-31.014988	0.96730614	2.8871834	16.080158	-5.0331397	1.001358e-08	-0.005812064	-2.0503998e-08	-0.005057305	48.107574	-22.20406	29.92089	-18.569866	0	0	6.0	3.3548977	0.012781286	69000	102.25512504577637
69	-38.510963	14.209333	-19.509956	-52.72004	23.0	17.67767	49.0	0.0	141.5	3342.0	0.04774285714285714	-16.888845	3.6245928	-14.51548	-29.281364	3.625759	4.9857984	18.170422	0.15748689	6.6757204e-09	-0.0046930015	1.4972687e-07	-0.023095714	97.31968	-19.447632	23.32077	-6.797802	0	0	5.0	3.3547075	0.014861851	70000	104.27012777328491
70	-70.17577	36.3701	-43.535988	-121.5997	20.666666	14.704497	33.0	0.0	289.66666	3478.0	0.04898591549295775	-15.6266	1.853531	-15.044604	-28.813255	2.94408	4.8855305	21.05024	-0.73462343	-3.4332274e-08	-0.012074343	-2.0289421e-07	-0.0031525148	59.776695	-11.111561	174.816	-113.32187	0	0	51.0	3.3544083	0.012786485	71000	106.25712943077087
71	-57.297462	47.798584	-18.40699	-136.80132	22.5	20.57304	58.0	8.0	205.0	3582.0	0.04975	-25.459425	7.153705	-15.963758	-39.445297	22.115917	8.87543	28.435219	-1.6089385	1.8119811e-08	-0.0064515923	8.5830685e-09	-0.012241584	67.483505	-28.133965	300.63416	-245.52261	0	0	5.0	3.3558567	0.0115922615	72000	108.30820846557617
72	-57.90336	26.644762	-31.258596	-84.54812	43.5	43.5	87.0	0.0	294.5	3671.0	0.05028767123287671	-15.273969	2.0310342	-14.201789	-26.35752	6.081509	4.224763	22.274212	0.30294484	-1.3113022e-09	-0.0072938083	-3.6358834e-08	0.054194734	24.416325	-15.44518	150.99507	-83.016205	0	0	5.0	3.3562882	0.015256397	73000	110.16579365730286
73	-47.367355	41.993176	-20.638847	-131.07834	23.2	17.29046	47.0	1.0	169.4	3792.0	0.051243243243243246	-19.280378	4.285857	-14.3203335	-31.045807	6.5304914	2.2210572	15.382408	4.7458725	-1.9788741e-08	-0.003541535	9.0897085e-09	0.032029074	96.51227	-26.833786	73.07927	-27.446781	0	0	4.0	3.3572135	0.014846549	74000	112.27933645248413
74	-56.918785	35.614815	-28.445477	-117.7796	14.75	13.064743	34.0	0.0	238.75	3882.0	0.05176	-17.041723	0.6481171	-15.863424	-22.187439	3.8399115	3.308016	16.601227	2.1933591	-4.768372e-10	-0.0052899825	-3.4809112e-08	-0.010126782	53.0939	-12.512157	19.309	-6.4789705	0	0	6.0	3.3577492	0.014379494	75000	114.3501808643341
75	-75.516975	55.70643	-19.81055	-131.2234	19.5	4.5	24.0	15.0	287.0	3928.0	0.05168421052631579	-21.30175	1.4298013	-18.201607	-27.062176	5.131902	5.6582494	18.70967	0.9837568	-3.671646e-08	-0.0032439893	5.5074693e-08	-0.00039888071	25.525715	-1.549614	18.680113	-12.439943	0	0	5.0	3.355492	0.021003064	76000	116.2597303390503
76	-31.35077	4.8158517	-24.904476	-38.553284	18.428572	17.344057	49.0	0.0	96.85714	4076.0	0.05293506493506493	-20.120115	3.7171955	-13.659759	-27.313684	4.85367	5.685965	16.653885	0.34162998	-1.7881393e-09	-0.0030127254	6.1273575e-08	0.03667119	96.32921	-36.016968	59.494747	-13.380039	0	0	4.0	3.3519266	0.015954755	77000	118.70442724227905
77	-26.295237	6.3010335	-17.049599	-37.92342	13.666667	13.792108	31.0	0.0	85.0	4162.0	0.05335897435897436	-12.035378	2.2678497	-10.620825	-24.6622	4.0678663	5.8621173	17.167347	-0.3529273	-1.3351441e-08	-0.009644552	-1.1920929e-09	0.007722431	25.606596	-4.486931	27.339422	-9.962717	0	0	23.0	3.3514361	0.013182923	78000	121.00659203529358
78	-25.572538	5.6807528	-18.001696	-34.03218	27.166666	27.655119	72.0	0.0	88.5	4331.0	0.05482278481012658	-14.561447	4.571851	-8.892816	-26.986126	2.8987792	5.3387833	16.557589	-0.29664037	-1.7881394e-08	-0.0060387445	-2.388954e-07	-0.011008067	32.63929	-12.159849	124.573555	-33.477745	0	0	7.0	3.3406653	0.0112197455	79000	123.3126425743103
79	-28.255335	9.380986	-14.787896	-43.907166	17.0	14.95326	46.0	0.0	96.5	4501.0	0.0562625	-12.569498	5.48618	-7.4882545	-26.877895	9.10492	7.101504	18.362066	-0.14476743	1.26361845e-08	-0.0068384707	1.4400482e-07	0.051456533	51.950798	-28.937082	55.16742	-16.266819	0	0	4.0	3.335816	0.024905859	80000	125.99865651130676
80	-109.989685	6.515568	-103.47411	-116.50525	8.0	8.0	16.0	0.0	500.0	4517.0	0.05576543209876543	-11.811125	9.129146	-6.3226686	-35.746822	4.4505005	6.1833024	17.062664	-1.8789864	7.551908e-08	-0.012587198	-1.013279e-07	-0.023555215	112.50999	-87.24956	22.003872	-19.441555	0	0	79.0	3.3334928	0.006576437	81000	127.96133637428284
81	-53.35207	39.779026	-13.573045	-93.131096	16.5	9.5	26.0	7.0	276.5	4550.0	0.05548780487804878	-14.836006	1.8959626	-13.660393	-27.331263	0.8782509	2.6529622	15.338412	-2.5564647	-3.71933e-08	-0.004836968	-2.9087067e-08	0.01061076	37.967194	-15.475964	8.932298	-2.798912	0	0	5.0	3.2390668	0.020169586	82000	129.95382714271545
82	-63.623013	44.722225	-18.900787	-108.34524	36.0	2.0	38.0	34.0	282.5	4632.0	0.05580722891566265	-17.83034	1.2909089	-17.47947	-28.555801	1.6458601	4.213828	15.247986	-0.2156629	-6.6757204e-09	-0.0037957286	6.365776e-08	0.0016581767	14.459553	-0.3516426	18.565985	-5.1489973	0	0	4.0	3.2366211	0.02346333	83000	131.96369647979736
83	-20.106098	6.2105894	-13.465292	-35.413227	27.928572	17.620865	65.0	0.0	71.28571	5023.0	0.05979761904761905	-19.14502	2.2668188	-17.901484	-30.445047	8.534202	6.3416467	16.481922	-0.2200262	-4.720688e-08	-0.012310648	-1.6021728e-07	0.012673247	172.20593	-144.50818	131.1045	-36.11927	0	0	79.0	3.2360816	0.0066679167	84000	135.13501501083374
84	-29.272038	12.355795	-16.61015	-50.20391	6.8	3.867816	12.0	0.0	119.8	5057.0	0.05949411764705882	-8.447761	0.051420003	-8.288178	-8.901941	6.7526703	2.620372	17.744402	4.4373016	1.5854836e-08	-0.00421425	6.890297e-08	-0.012535202	36.89647	-6.6491566	27.06406	-23.685629	0	0	4.0	3.2527153	0.020041851	85000	137.44219160079956
85	-25.601452	8.4528675	-13.374527	-40.60234	27.375	16.970102	54.0	0.0	88.75	5288.0	0.061488372093023255	-10.983416	2.073771	-10.002705	-22.048792	7.895984	7.852415	21.499277	-5.6625695	-1.0490417e-08	-0.013788583	-4.148483e-08	-0.02774777	29.181847	-3.9775982	52.32805	-19.192635	0	0	17.0	3.2541077	0.013529625	86000	140.02484250068665
86	-53.43965	26.05954	-20.913994	-93.28856	11.0	6.595453	21.0	3.0	238.75	5336.0	0.06133333333333333	-10.506498	3.03086	-8.705829	-25.270731	6.339736	7.707585	22.107687	0.4504195	4.7683715e-09	-0.01631188	-2.5749207e-08	0.03455611	26.275995	-6.4617844	45.257458	-31.642794	0	0	79.0	3.26103	0.008024216	87000	142.36632704734802
87	-37.620316	43.300907	-10.540727	-151.45341	21.375	14.2297	41.0	3.0	119.5	5507.0	0.06257954545454546	-11.956651	4.351664	-9.769371	-28.509539	3.559007	5.3550224	16.017788	-3.7961102	-2.5510788e-08	-0.016622227	1.1587143e-07	-0.00084414054	195.5254	-62.375946	60.32872	-29.895164	0	0	79.0	3.2490487	0.009488678	88000	145.08446192741394
88	-33.88427	34.81112	-15.195204	-103.45952	13.4	14.051334	40.0	0.0	145.6	5574.0	0.06262921348314607	-16.080847	0.51601815	-15.947746	-22.562992	3.9027612	5.341944	17.009144	0.19985008	-1.990795e-08	-0.0075994106	6.771088e-08	0.00408962	35.72225	-0.3467331	18.535711	-6.105789	0	0	19.0	3.2124178	0.012582523	89000	147.62514209747314
89	-17.318253	3.3209517	-13.085898	-22.103697	20.833334	13.606574	41.0	0.0	59.583332	5872.0	0.06524444444444444	-15.702166	0.58405286	-15.503554	-21.936207	4.648389	5.537226	15.836511	-1.1057396	3.3378602e-09	-0.014288148	-1.3804436e-07	-0.016942928	84.920425	-48.653072	92.23579	-56.838028	0	0	79.0	3.1931443	0.009487661	90000	150.8780038356781
90	-42.60681	58.56956	-10.640062	-183.12498	24.285715	12.406384	43.0	5.0	140.42857	6047.0	0.06645054945054946	-9.662277	0.5189331	-9.29299	-16.934107	10.689957	4.2287326	21.411388	1.4764785	-7.343292e-08	-0.018068321	2.1457673e-08	-0.011184821	280.49026	-89.09367	56.11844	-38.14737	0	0	79.0	3.2187123	0.009935333	91000	153.66480445861816
91	-98.10512	9.321739	-88.78338	-107.42686	22.0	9.0	31.0	13.0	500.0	6091.0	0.06620652173913044	-17.382097	0.25231048	-17.259138	-21.67681	3.1660872	4.153329	21.852367	1.5418719	8.094311e-08	-0.006133287	-3.8266183e-08	-0.0032453854	5.0372195	-0.84055376	5.279337	-3.9962294	0	0	5.0	3.1637359	0.01269179	92000	155.90135025978088
92	-57.21034	36.079082	-21.131258	-93.28942	31.0	1.0	32.0	30.0	284.0	6153.0	0.06616129032258064	-18.235004	0.5708442	-18.0097	-25.330349	2.0986998	4.628743	21.651129	-1.121047	8.34465e-09	-0.0021944817	-8.642673e-10	0.013125293	28.626667	-2.2365723	5.828586	-3.190773	0	0	4.0	3.1598382	0.015374938	93000	158.13174533843994
93	-30.131124	24.543135	-16.938448	-84.76213	34.0	16.603212	67.0	17.0	136.83333	6384.0	0.06791489361702127	-19.364199	0.3250304	-19.180592	-22.887156	5.3294735	8.022846	22.425438	-0.4471402	-2.9325486e-08	-0.0034798053	1.0681153e-07	0.013442266	70.02505	-39.187733	61.304882	-7.8409195	0	0	4.0	3.1569078	0.022188276	94000	160.83589577674866
94	-25.810644	20.52645	-12.499841	-83.3285	30.444445	19.894785	57.0	6.0	109.55556	6663.0	0.07013684210526316	-12.864372	0.7772312	-10.498578	-17.386675	8.921823	9.007739	24.66439	-0.67049134	1.9073486e-08	-0.0041458756	-1.9788742e-07	-0.029290741	34.968586	-19.639328	56.48385	-5.329895	0	0	4.0	3.1545272	0.014465117	95000	163.66381239891052
95	-33.54198	28.905622	-15.970817	-102.83356	18.285715	16.359482	56.0	0.0	140.71428	6791.0	0.07073958333333333	-10.723588	2.5989869	-5.3933916	-22.70736	7.277495	9.155425	26.619799	0.5563084	1.0609627e-08	-0.0027467888	-6.818772e-08	-0.020607183	35.25111	-10.237272	47.791786	-19.902483	0	0	4.0	3.1533341	0.0143820755	96000	166.29057121276855
96	-39.74681	34.7703	-16.201052	-99.82426	5.5	4.2720017	12.0	0.0	167.75	6837.0	0.07048453608247422	-3.7776659	4.6354666	0.7635846	-22.008287	-1.3381228	7.3821163	20.023336	-10.175373	8.523464e-08	-0.0044281827	1.3113022e-08	-0.019948168	137.20993	-109.73298	22.222137	-18.087492	0	0	4.0	3.1526966	0.014821659	97000	168.71057677268982
97	-38.245625	49.678146	-13.420886	-149.18814	28.0	18.601076	55.0	1.0	131.0	7016.0	0.07159183673469388	-13.430338	0.7777725	-12.773938	-18.106209	3.5448565	5.2487826	19.1076	0.020602018	2.7179718e-08	-0.012428466	-9.012222e-08	-0.019582842	133.24556	-28.943306	31.201847	-18.304935	0	0	79.0	3.1532497	0.010096196	98000	171.61614179611206
98	-33.89617	30.21588	-11.76366	-85.79751	20.75	6.796139	31.0	12.0	168.25	7146.0	0.07218181818181818	-16.602583	0.72241855	-13.981844	-17.938995	2.7787704	6.673763	27.273102	-1.2434471	5.3882598e-08	-0.007713543	9.036064e-08	0.018191332	27.19337	-11.041769	31.542793	-12.190464	0	0	4.0	3.1377144	0.026621148	99000	174.28796553611755
99	-110.91727	25.201855	-85.715416	-136.11913	11.0	1.0	12.0	10.0	500.0	7168.0	0.07168	-15.371201	0.8122468	-12.6846285	-21.009829	3.5395937	6.2771397	27.679098	-1.0510175	8.225441e-09	-0.01635172	-5.6266785e-08	0.024432903	36.279625	-32.851044	27.34884	-24.7398	0	0	79.0	3.136135	0.010015512	100000	176.55150818824768
100	-80.27175	133.03273	-13.253369	-377.2044	20.333334	12.009256	41.0	0.0	155.5	7317.0	0.07244554455445544	-24.914898	9.542388	-12.1265955	-41.755146	5.9154882	6.974246	16.098164	-3.055565	-2.9802322e-08	-0.004140765	-1.013279e-08	0.06920269	1483.9678	-779.5612	70.82096	-55.977966	0	0	2.0	3.1175418	0.018717436	101000	179.15706253051758
101	-34.368732	31.154825	-12.398439	-101.591255	9.666667	13.437096	39.0	0.0	151.16667	7384.0	0.0723921568627451	-9.163447	8.7730875	-4.7614474	-46.6717	3.8574848	5.082051	22.401632	-1.8440666	-3.3140182e-08	-0.00780693	-3.8146972e-08	-0.013459896	172.861	-128.85129	18.247892	-9.6202755	0	0	10.0	3.1172109	0.016567051	102000	181.7782289981842
102	-67.7906	70.50272	-17.880686	-167.49649	26.333334	20.03885	50.0	1.0	206.33333	7476.0	0.07258252427184465	-15.456925	11.053099	-10.558026	-58.015675	2.0185633	4.638195	20.911648	-3.159849	1.5497208e-09	-0.018742803	9.703636e-08	0.014204804	373.4804	-340.6698	26.544996	-12.866815	0	0	79.0	3.114969	0.0100168	103000	184.25346446037292
103	-24.587477	8.275086	-16.415474	-39.79955	8.5	10.404326	31.0	0.0	87.0	7531.0	0.07241346153846154	-20.127932	4.0554724	-11.7361	-28.873137	4.8862042	3.9456353	17.196335	0.014737129	5.4359436e-08	-0.0040534465	5.4359436e-08	0.015688736	96.01264	-48.447083	25.610046	-9.893887	0	0	4.0	3.0520709	0.014493964	104000	186.94777297973633
104	-36.98801	51.041946	-11.852353	-171.33966	17.75	14.703316	41.0	0.0	117.625	7680.0	0.07314285714285715	-14.60173	3.092738	-11.060092	-22.36979	3.3919036	4.9561844	18.271078	-1.9938258	-4.9352646e-08	-0.004246671	2.5510788e-08	0.021772336	157.2915	-128.87624	16.579609	-6.2970915	0	0	3.0	3.0500119	0.01663319	105000	189.7915985584259
105	-92.22566	115.076004	-12.276494	-290.80167	52.5	71.044	175.0	2.0	207.0	7954.0	0.0750377358490566	-26.577991	22.014528	-9.058848	-62.412407	3.8082407	5.963937	24.53142	-5.0718055	1.9967556e-08	-0.007290836	-7.019043e-07	0.06043919	350.351	-130.7462	608.6062	-481.2233	0	0	3.0	3.0485182	0.01459288	106000	192.28319239616394
106	-46.91525	34.284565	-12.630684	-81.199814	21.0	7.0	28.0	14.0	273.5	7996.0	0.07472897196261682	-9.469996	2.1770961	-7.948706	-25.733608	1.5478631	7.7578974	35.8386	-2.0727742	-4.553795e-08	-0.0059223264	-7.8678134e-08	-0.006575176	72.97611	-43.871605	20.567774	-19.617067	0	0	4.0	3.0477724	0.019438714	107000	194.58372354507446
107	-29.74006	25.479347	-13.198587	-84.75274	13.666667	12.078447	31.0	0.0	143.5	8088.0	0.0748888888888889	-16.749031	2.5798838	-15.3158	-29.977142	4.1415353	8.527101	34.478188	-1.1264083	-1.9073487e-09	-0.004308938	2.193451e-08	-0.021097064	53.01846	-17.016342	33.876984	-26.740948	0	0	5.0	3.047536	0.014718372	108000	197.3122594356537
108	-37.148098	38.442665	-12.655832	-122.35694	13.0	10.503967	34.0	0.0	150.66667	8182.0	0.07506422018348624	-15.48153	2.260891	-13.0113	-20.8017	4.456076	5.116551	18.344347	-1.6808255	-7.152557e-09	-0.0039550494	3.9458275e-08	0.0029955972	48.75453	-16.710892	15.84957	-6.921131	0	0	4.0	3.046176	0.011764961	109000	200.06389451026917
109	-30.171913	30.692616	-14.212112	-109.11797	11.875	8.922409	26.0	0.0	122.5	8282.0	0.07529090909090909	-13.720599	4.8791633	-10.966711	-33.863125	1.2556968	6.755245	14.979472	-6.472392	5.4836273e-09	-0.003818354	7.390976e-09	7.424855e-05	102.764046	-49.87667	13.361637	-7.9568276	0	0	6.0	3.0449593	0.01103795	110000	203.06899785995483
110	-21.561733	20.86275	-12.738411	-83.75813	18.7	16.71556	40.0	0.0	97.8	8469.0	0.0762972972972973	-12.103022	0.32861224	-11.82894	-16.337955	4.2949376	4.650229	14.886581	0.46281755	6.437302e-08	-0.0047250264	-4.386902e-08	0.016745204	35.321774	-5.086029	35.529213	-15.042929	0	0	5.0	3.0458748	0.014366525	111000	206.23391890525818
111	-21.209288	12.177626	-9.948675	-49.264282	14.090909	9.8944845	34.0	1.0	89.454544	8626.0	0.07701785714285714	-10.467108	0.47062412	-9.669031	-14.590079	6.5745115	6.750682	18.07698	-2.714396	-3.862381e-08	-0.01543491	1.9788741e-08	0.007888175	35.681915	-16.313747	41.946865	-18.67151	0	0	79.0	3.046777	0.007977395	112000	209.60657238960266
112	-39.028923	47.20489	-16.687963	-163.50781	22.75	17.935648	54.0	0.0	124.0	8808.0	0.07794690265486726	-11.352254	5.0772824	-6.498145	-24.369644	4.876697	5.2307897	18.42979	-1.3512733	5.722046e-09	-0.012613102	-5.173683e-08	0.0370519	140.48212	-117.53249	50.8829	-20.185377	0	0	79.0	3.1049066	0.009487497	113000	212.7103865146637
113	-18.191261	9.953837	-8.616257	-40.317776	21.666666	11.264497	39.0	0.0	79.888885	9029.0	0.07920175438596491	-7.729467	2.8886683	-5.876833	-22.20181	7.590788	7.129414	18.9392	-1.0501052	-5.00679e-09	-0.004099153	8.5830685e-09	-0.013648815	35.752247	-2.9039612	30.42636	-13.495514	0	0	3.0	3.094954	0.018305028	114000	215.8491668701172
114	-38.41148	48.37788	-11.945611	-156.28952	15.142858	9.745748	34.0	6.0	131.57143	9137.0	0.07945217391304348	-11.388941	3.400808	-6.909475	-22.477552	4.0471973	5.5846596	18.805727	-0.23946363	2.0980835e-08	-0.0043394812	-1.8119811e-08	0.004324596	117.81252	-85.99885	14.642526	-3.9241858	0	0	4.0	3.0930948	0.010790019	115000	218.7751886844635
115	-24.629784	17.404646	-11.198441	-65.57694	27.555555	21.6698	78.0	0.0	105.888885	9390.0	0.08094827586206897	-12.90693	10.774013	-3.535552	-59.28544	5.097747	5.6956134	18.93348	-0.4859041	2.861023e-09	-0.008126627	3.7908553e-08	-0.10654136	171.89467	-114.247086	93.06794	-28.483398	0	0	9.0	3.0920453	0.014105533	116000	221.94227170944214
116	-52.019245	40.13508	-17.616276	-117.83754	27.25	17.137314	44.0	2.0	230.5	9519.0	0.08135897435897436	-11.760434	11.886794	-5.8706427	-64.69447	5.1719775	9.969569	32.458134	-6.0125017	1.2695789e-08	-0.009689543	2.1696091e-07	0.039947797	163.99094	-131.46198	55.233673	-33.330982	0	0	7.0	3.0887723	0.015704896	117000	224.64222645759583
117	-196.24304	184.36446	-11.878592	-380.60748	21.0	16.0	37.0	5.0	274.5	9576.0	0.08115254237288136	-39.576218	18.381311	-14.517996	-69.5536	13.925077	9.305884	30.540075	3.0599453	1.9311905e-08	-0.015449776	2.0325184e-07	0.043786287	978.5665	-423.13617	126.88219	-113.16588	0	0	79.0	3.0852659	0.009870306	118000	227.2192268371582
118	-56.40637	32.38717	-24.019201	-88.79353	27.0	15.0	42.0	12.0	292.0	9632.0	0.08094117647058824	-42.03909	25.478756	-11.765981	-82.774284	3.6747854	4.752927	18.69815	-0.20818341	4.768372e-10	-0.009002062	9.250641e-08	0.005122262	154.26607	-47.49079	16.540804	-6.018219	0	0	8.0	3.0507162	0.012936511	119000	229.7642741203308
119	-198.09189	91.65326	-106.43864	-289.74515	11.0	5.0	16.0	6.0	500.0	9654.0	0.08045	-42.925514	25.14709	-20.26609	-84.77917	1.0727099	3.4859755	15.221293	-1.5330328	-6.598234e-08	-0.011284437	1.525879e-08	-0.00042529963	82.30394	-45.813244	4.6495447	-2.2817602	0	0	79.0	3.048759	0.0070611075	120000	232.3084511756897
120	-35.65531	37.108475	-13.972848	-109.77348	10.8	10.684568	27.0	0.0	144.6	9752.0	0.08059504132231404	-22.932562	12.102345	-5.715998	-88.30707	2.4325118	4.128231	16.09685	-0.20686227	5.6266785e-08	-0.0046549677	-3.1232833e-08	-0.040915694	28.907444	-18.734245	61.366955	-29.824247	0	0	3.0	3.021956	0.027868202	121000	235.15771508216858
121	-49.396152	63.097275	-12.02285	-175.42989	20.4	12.009995	37.0	0.0	150.2	9873.0	0.08092622950819672	-33.566216	26.669594	-2.875081	-90.75054	7.2406626	3.1936595	16.71322	0.20903891	3.8444994e-09	-0.011371341	-3.242493e-08	-0.018914938	38.58335	-25.743286	25.33461	-13.094572	0	0	3.0	3.020662	0.01571424	122000	238.01669049263
122	-36.04286	28.48257	-9.8583765	-95.07042	20.5	14.268263	41.0	4.0	160.66667	10017.0	0.0814390243902439	-9.992703	8.091293	-1.9239004	-30.04651	4.4581413	5.9549093	18.33842	-0.20331216	2.9802322e-08	-0.0018364396	2.2172928e-08	-0.011053783	112.90406	-77.543594	23.166262	-3.64361	0	0	4.0	3.0181665	0.013304508	123000	240.99492812156677
123	-33.3096	35.9642	-11.045781	-95.55699	6.0	10.392304	24.0	0.0	156.0	10075.0	0.08125	-9.198595	1.0794382	-7.8529935	-18.477394	3.9940507	4.4156237	19.78151	-0.36036402	5.6028366e-08	-0.0049795792	2.384186e-10	-0.0025528253	125.6705	-70.66884	16.11111	-11.443534	0	0	3.0	3.0145001	0.026472319	124000	243.76452350616455
124	-43.561714	32.88009	-10.681622	-76.4418	29.0	2.0	31.0	27.0	270.5	10140.0	0.08112	-15.723139	1.2555225	-15.299618	-25.843672	2.5778525	5.091593	20.145731	-1.1628768	1.7642975e-08	-0.0017949451	9.6559525e-09	2.4732948e-05	9.76384	-2.4451814	6.7472677	-2.969816	0	0	4.0	3.013093	0.018582273	125000	246.40220499038696
125	-34.736187	65.53745	-9.178317	-241.78291	21.272728	13.25341	38.0	3.0	90.90909	10374.0	0.08233333333333333	-28.480795	16.799957	-14.241793	-62.021664	5.3691354	5.991146	19.971613	-1.6869156	-2.7656554e-08	-0.008205515	4.529953e-08	0.0036989716	145.39435	-117.29451	22.575918	-5.9813747	0	0	6.0	3.012799	0.013847935	126000	249.82009959220886
126	-38.806107	39.086662	-8.821147	-105.392494	18.0	9.354143	27.0	4.0	173.75	10472.0	0.08245669291338582	-10.309083	1.5646354	-9.784302	-25.083496	3.0703564	5.7531476	19.894442	-0.2866112	-1.8119811e-08	-0.013524928	-6.9618224e-08	-0.0052212127	50.44072	-18.403763	7.2436023	-5.525013	0	0	79.0	3.0120506	0.0071527767	127000	252.7312741279602
127	-33.009666	38.88634	-9.461669	-100.35252	16.5	12.0519705	29.0	0.0	154.75	10604.0	0.08284375	-24.427217	23.57286	-12.8311825	-92.251	3.128643	3.7531495	20.090908	-0.73615766	-8.5830685e-09	-0.011231318	-3.2663344e-08	-0.012676402	46.44622	-25.5717	92.050316	-66.179756	0	0	43.0	2.9602442	0.012513789	128000	255.75844812393188
128	-42.161007	51.67406	-11.086088	-145.34077	14.0	8.485281	26.0	0.0	148.6	10682.0	0.08280620155038759	-32.66201	7.075133	-11.548425	-38.96327	12.129486	4.1169944	23.676281	-2.520381	2.3841858e-08	-0.003922664	-4.7683715e-09	-0.00909324	154.81627	-114.2233	69.25334	-57.64543	0	0	6.0	2.9383678	0.013989767	129000	258.71822142601013
129	-24.328335	30.497887	-9.501974	-104.77464	15.875	9.239014	31.0	4.0	103.625	10823.0	0.08325384615384615	-7.401962	1.3113647	-5.627635	-14.574958	-0.562619	5.186243	14.924624	-5.3885417	4.386902e-08	-0.0059330096	-2.7418137e-09	-0.0019533553	69.72544	-29.629543	24.319183	-16.124805	0	0	14.0	2.93893	0.011699001	130000	261.9829113483429
130	-65.4649	38.337204	-27.127691	-103.8021	5.5	3.5	9.0	2.0	312.0	10853.0	0.0828473282442748	-26.846653	26.414108	-10.592473	-91.86892	4.308057	4.641953	15.900302	0.046289682	-1.835823e-08	-0.007865826	-2.193451e-08	0.0011373117	98.7482	-62.312862	9.733592	-7.3380127	0	0	4.0	2.94803	0.017438194	131000	264.7956078052521
131	-159.19547	145.23257	-13.962891	-304.42804	26.5	15.5	42.0	11.0	276.0	10923.0	0.08275	-60.18226	31.362108	-14.732583	-94.174835	6.5333514	5.717251	17.998207	-2.2084975	3.6031008e-08	-0.0054246173	-4.899502e-08	-0.00012700856	328.36575	-173.57391	27.931538	-20.404564	0	0	3.0	2.9505854	0.010909456	132000	267.5363121032715
132	-26.825071	30.606413	-11.32144	-95.18315	14.666667	7.15697	24.0	4.0	121.833336	11041.0	0.08301503759398496	-15.576209	0.9337335	-14.186912	-24.202751	4.182717	5.5405316	17.194618	-0.68272066	-1.2159347e-08	-0.012228215	-1.5854836e-08	-0.00035760915	33.921345	-11.455492	8.990076	-1.9739327	0	0	35.0	2.9510167	0.012876225	133000	270.67428731918335
133	-50.099144	33.66192	-16.437223	-83.76106	28.0	12.0	40.0	16.0	278.0	11102.0	0.08285074626865671	-16.007309	1.3244102	-10.770375	-21.029705	2.3936524	4.751925	17.70444	-0.36151493	-1.4305115e-09	-0.005683359	5.9604645e-08	-4.1891573e-05	13.003504	-4.6445236	13.954346	-2.1944065	0	0	5.0	2.9377468	0.021565525	134000	273.4519245624542
134	-20.304075	20.697514	-8.082045	-66.43457	19.666666	15.173076	39.0	0.0	114.333336	11240.0	0.08325925925925926	-13.197406	0.99358684	-10.99237	-14.702922	2.4758673	6.0147905	17.811619	-1.6412001	6.318092e-08	-0.0036434212	4.172325e-08	-0.025399432	38.85347	-18.830982	26.435692	-7.598049	0	0	3.0	2.9355118	0.017846236	135000	276.6060495376587
135	-22.370098	15.182983	-11.47457	-52.297066	27.4	5.885576	35.0	21.0	112.0	11395.0	0.08378676470588235	-36.280506	29.448341	-8.029171	-96.466095	4.9281845	4.1927133	19.018606	0.103817046	-6.9141386e-09	-0.010649206	-1.2874604e-08	-0.005968924	152.53575	-72.51588	17.676018	-13.115538	0	0	79.0	2.9339318	0.009274214	136000	279.7962749004364
136	-27.312796	37.20887	-10.104434	-138.57741	10.5	9.932271	31.0	0.0	96.0	11518.0	0.08407299270072993	-12.037346	9.656549	5.541735	-25.31209	5.912901	6.749709	20.798115	-0.14242828	1.3828277e-08	-0.0033274845	9.441376e-08	-0.010741325	27.816753	-17.688242	28.244308	-17.605547	0	0	4.0	2.9616246	0.0182343	137000	283.33803248405457
137	-31.570614	26.330679	-12.286708	-83.82214	17.0	13.175735	36.0	4.0	157.2	11624.0	0.08423188405797101	-20.72371	14.878356	-3.082004	-75.13696	2.5008264	4.882099	19.264643	-1.6874056	1.8715859e-08	-0.0026557888	4.2676927e-08	0.028894676	37.703037	-11.29183	16.231544	-3.8070173	0	0	3.0	2.9642568	0.01988308	138000	286.45639634132385
138	-19.389236	18.592203	-7.5631857	-73.94527	13.4	13.462541	33.0	0.0	93.6	11772.0	0.0846906474820144	-4.384612	2.7144978	0.9892068	-20.914898	1.8519641	4.9156713	19.686455	-1.5304562	-6.198883e-09	-0.0014912081	7.4863436e-08	0.0019227653	30.948555	-23.203926	15.399601	-7.3964615	0	0	3.0	2.9656384	0.018766597	139000	290.06912565231323
139	-41.097446	56.930607	-9.021336	-154.8949	20.4	9.562427	39.0	14.0	135.0	11896.0	0.08497142857142857	-40.128765	26.835787	-2.8179154	-105.456894	4.402958	5.8335257	21.499529	-1.0680015	-1.0371208e-08	-0.013398377	-3.5762786e-09	-0.007740061	49.149975	-34.67659	8.934609	-5.3868456	0	0	79.0	2.965757	0.010601351	140000	293.2988135814667
140	-24.160463	26.588713	-7.2355266	-93.39979	19.75	8.671073	33.0	6.0	109.375	12060.0	0.08553191489361703	-9.961465	7.439556	0.81967103	-26.212492	6.3806643	7.351919	22.505167	0.15984154	-3.4570693e-08	-0.0039662737	-1.950264e-07	0.004208338	99.49987	-66.41565	20.478846	-11.165563	0	0	5.0	2.8834567	0.0142089855	141000	296.72125911712646
141	-20.579626	23.745564	-9.481691	-91.310555	19.7	13.863982	46.0	0.0	88.9	12272.0	0.08642253521126761	-10.685923	2.517746	-4.91255	-16.07405	3.7330024	5.450946	20.618065	-0.41290975	-1.9073486e-08	-0.003893158	1.2636184e-07	0.005347384	23.848331	-7.3188267	24.744984	-10.747671	0	0	4.0	2.8788233	0.0138653545	142000	300.3962604999542
142	-22.006998	23.290379	-8.679901	-89.80363	9.2	7.6393714	24.0	0.0	94.4	12375.0	0.08653846153846154	-11.710147	5.1610274	2.9042652	-19.43302	5.40613	5.2263565	20.451057	0.4324055	2.2768974e-08	-0.004440652	-1.835823e-08	0.0145027945	24.218248	-4.0657444	19.226414	-11.373129	0	0	6.0	2.8751597	0.016448643	143000	304.07678270339966
143	-69.62034	49.968018	-19.65232	-119.588356	39.5	6.5	46.0	33.0	281.5	12458.0	0.08651388888888889	-11.375115	1.3966017	-8.19313	-18.942184	2.028153	2.5626347	11.457286	0.2620813	-8.225441e-08	-0.004467433	-9.512901e-08	0.009118834	74.84767	-54.26333	48.21477	-37.803802	0	0	5.0	2.8697798	0.016167345	144000	307.0122902393341
144	-60.135647	47.735516	-12.40013	-107.87116	13.5	6.5	20.0	7.0	269.0	12490.0	0.08613793103448276	-18.702574	1.0250376	-14.29281	-19.094545	3.074482	4.0347276	22.245487	0.10639733	2.4080277e-08	-0.0035811183	-6.651879e-08	0.026148392	11.622597	-2.8337183	12.716927	-11.4977	0	0	3.0	2.8676627	0.022861397	145000	309.95011281967163
145	-22.140694	28.748466	-6.844849	-97.98525	21.375	13.171347	38.0	1.0	97.75	12668.0	0.08676712328767124	-19.376114	1.410166	-15.837239	-20.781288	2.0969887	3.8778715	21.402014	-0.5645881	1.0251999e-08	-0.0033434653	1.5211106e-07	0.026967581	57.08768	-42.672104	42.176266	-31.269491	0	0	5.0	2.8663275	0.01439751	146000	313.6589641571045
146	-42.321304	60.534573	-8.759788	-163.33182	23.0	7.321202	30.0	11.0	133.0	12799.0	0.08706802721088436	-15.798018	3.9602308	-5.2128315	-19.612469	3.204215	5.505617	21.823185	-0.8913851	-9.775162e-09	-0.008952667	1.1372566e-07	-0.001419903	92.806595	-64.51933	7.70571	-4.4177	0	0	79.0	2.864522	0.008410691	147000	317.02061891555786
147	-33.23985	43.318295	-12.194195	-130.06752	9.166667	8.112062	24.0	0.0	118.833336	12861.0	0.08689864864864864	-20.461325	9.626649	4.180748	-30.731941	2.4264824	5.823472	20.473854	-1.1167508	2.682209e-08	-0.005517749	6.198883e-09	-0.00044214344	29.39565	-14.83465	12.91591	-6.7544947	0	0	4.0	2.8309364	0.018380497	148000	320.43574953079224
148	-32.289635	46.65906	-10.520383	-154.86649	16.125	14.743113	49.0	0.0	108.0	13069.0	0.08771140939597316	-18.325243	6.775929	-1.3155439	-25.199554	3.5749	6.437284	21.684767	-0.95599777	1.3351441e-08	-0.0038202128	1.4030934e-07	0.008953227	69.964645	-19.47865	110.11753	-47.60477	0	0	3.0	2.831027	0.015674109	149000	324.109002828598
149	-18.711563	20.325077	-8.8511095	-85.3856	18.333334	12.099128	35.0	0.0	82.25	13294.0	0.08862666666666667	-16.066912	6.5853314	-3.0597153	-25.682775	8.248245	7.4589705	23.718128	-0.70985985	8.070469e-08	-0.0060764584	-1.4209748e-07	-0.001375575	51.666107	-35.31498	26.061035	-13.187367	0	0	5.0	2.830072	0.01041696	150000	328.12529158592224
150	-23.524918	27.19777	-8.847385	-103.84405	18.3	12.93097	41.0	0.0	97.4	13479.0	0.08926490066225165	-13.265482	6.7779326	-0.8527324	-20.150858	3.7414727	7.289563	22.786003	-2.8966768	9.536744e-10	-0.0027270513	-8.9526175e-08	0.019693375	28.565523	-5.098364	14.829419	-10.36901	0	0	5.0	2.828601	0.018951165	151000	331.9730281829834
151	-22.803553	27.724709	-6.801965	-84.50889	20.333334	8.919393	35.0	7.0	116.0	13616.0	0.08957894736842105	-13.595608	4.2887745	-2.1409218	-17.457056	3.475334	6.8334074	24.338118	-1.2064478	1.4901161e-08	-0.0037789082	1.0251999e-08	-0.0042585633	7.58437	-1.012249	8.107709	-3.3622437	0	0	3.0	2.827745	0.018170962	152000	335.42426896095276
152	-12.792716	4.639879	-6.7550697	-26.38651	17.736841	11.629555	36.0	0.0	44.94737	13970.0	0.09130718954248367	-6.7118697	5.397972	1.377403	-21.341412	8.36196	7.0121427	23.299164	-1.1544938	9.536744e-10	-0.0146644525	-1.2683869e-07	-0.010822597	46.528378	-29.884861	21.220577	-1.6656742	0	0	79.0	2.8273149	0.008805401	153000	340.2659204006195
153	-21.235453	28.102562	-9.342097	-113.992744	29.333334	32.566174	131.0	0.0	82.25	14322.0	0.093	-7.575353	2.7295377	-2.9833665	-15.094441	3.5979955	7.960746	22.998762	-3.1442945	6.6280364e-08	-0.0042683734	-6.1273575e-08	-0.07805367	65.525665	-43.173515	458.99976	-305.12225	0	0	3.0	2.8923743	0.016971061	154000	344.37061166763306
154	-19.546251	27.063484	-8.138204	-108.35453	9.833333	10.738043	30.0	0.0	81.916664	14440.0	0.09316129032258065	-11.940744	5.09236	-5.8484445	-17.467821	16.24632	3.9082606	24.030064	6.3435116	1.168251e-08	-0.008672316	-1.4209748e-07	-0.0019988548	20.91802	-3.2111797	175.81888	-156.92834	0	0	5.0	2.8947449	0.015232826	155000	348.4627776145935
155	-20.485489	24.92177	-10.628944	-103.005165	8.75	10.026008	36.0	0.0	80.666664	14567.0	0.09337820512820513	-12.494356	5.511517	-6.318692	-18.499548	5.056146	3.3165228	15.588539	-0.38919926	-8.5830685e-09	-0.003747799	5.00679e-08	0.014268747	14.500729	-2.047412	17.818789	-6.7077045	0	0	4.0	2.8939114	0.01582792	156000	352.71856212615967
156	-24.362389	34.941322	-9.764421	-123.08009	9.444445	10.730136	29.0	0.0	91.55556	14663.0	0.09339490445859873	-12.585321	6.160212	-4.7451725	-30.430067	2.1486635	4.0245304	14.889372	-1.4953026	2.6226044e-08	-0.003049907	-2.3841857e-09	0.011969255	56.653217	-34.40073	8.609677	-2.6043644	0	0	5.0	2.891736	0.01031679	157000	356.625048160553
157	-64.51444	100.79845	-12.993598	-266.1039	10.2	5.706137	18.0	3.0	136.0	14743.0	0.09331012658227848	-27.983112	20.254148	-5.7262816	-69.555275	2.5431104	4.588912	15.820663	-3.345413	6.1631205e-08	-0.009981257	2.2649764e-09	0.009386156	238.84521	-213.31726	9.156845	-4.9497557	0	0	79.0	2.8902009	0.006275878	158000	360.1811170578003
158	-35.713913	70.03555	-8.936384	-257.0103	15.636364	12.765527	41.0	0.0	87.72727	14915.0	0.09380503144654088	-31.990616	30.78341	-6.338067	-100.067955	5.420365	4.4786086	15.995854	-0.46956986	3.927946e-08	-0.0067062587	3.051758e-08	0.034613654	114.01479	-82.16609	23.512077	-8.900679	0	0	7.0	2.9068825	0.01333403	159000	364.3020043373108
159	-25.767197	36.719967	-9.239956	-122.815155	13.875	9.967917	31.0	4.0	99.0	15054.0	0.0940875	-12.186672	5.336123	-3.5725875	-17.668177	5.3788238	4.4528933	16.89682	1.1931126	-2.7894973e-08	-0.0040963255	-1.6450882e-08	0.02886324	66.75002	-41.426025	12.75482	-6.216084	0	0	4.0	2.9079309	0.020608738	160000	368.0970387458801
160	-34.366375	73.136215	-9.744579	-276.8724	11.5	11.485498	31.0	0.0	81.333336	15204.0	0.09443478260869566	-37.831936	35.210266	-5.654669	-91.93195	2.7923005	5.3643913	16.256994	-3.167351	1.2159347e-08	-0.015846202	-1.502037e-08	0.018641748	47.26345	-36.94297	12.687372	-2.8769016	0	0	79.0	2.9099123	0.010987121	161000	372.3730010986328
161	-26.289322	39.16203	-9.953998	-143.56497	15.7	18.40136	60.0	0.0	92.0	15364.0	0.09483950617283951	-10.501775	5.691697	-3.5254893	-17.549278	3.7747393	4.311861	16.725286	-1.8398242	8.4877016e-08	-0.005103558	-3.7431718e-08	0.0363005	83.90735	-54.01811	49.58165	-9.721336	0	0	5.0	2.955831	0.013766735	162000	376.43389225006104
162	-33.461254	42.744938	-12.172936	-128.9825	19.0	13.527749	37.0	0.0	123.666664	15504.0	0.09511656441717792	-18.471636	8.051065	-5.819379	-25.593117	5.03573	4.341933	17.83136	0.88791555	2.6464463e-08	-0.01190595	4.708767e-09	-0.02389746	29.90823	-6.7357216	14.196234	-7.186427	0	0	79.0	2.957628	0.010668396	163000	380.169992685318
163	-19.312336	17.405527	-11.463352	-73.938034	13.545455	13.560393	38.0	0.0	87.27273	15670.0	0.09554878048780488	-15.98366	7.557399	-6.8302436	-25.304907	3.27558	6.1380877	18.888548	-1.989714	-6.103516e-08	-0.0043376046	1.2135506e-07	-0.0049031517	53.622337	-42.114304	23.333496	-3.7713604	0	0	4.0	2.930916	0.01954617	164000	384.3559241294861
164	-59.156384	87.74962	-10.762901	-234.52934	13.4	7.1721687	19.0	0.0	139.4	15737.0	0.09537575757575757	-34.43684	34.393543	-4.5955195	-108.2281	2.869174	3.0472581	17.635447	0.016091704	6.2465666e-08	-0.0059016594	-9.083748e-08	0.004516844	55.995823	-34.231766	5.3771915	-3.4087715	0	0	3.0	2.930412	0.016340984	165000	387.9254159927368
165	-27.686665	37.174953	-12.370012	-132.73332	12.777778	9.270955	29.0	0.0	95.77778	15852.0	0.09549397590361446	-17.896046	8.503354	-5.8384194	-26.153593	5.0564938	4.443965	19.37069	0.33631337	-4.339218e-08	-0.011132739	-3.4570693e-08	-0.0053025708	29.159616	-4.8673115	12.686762	-5.412784	0	0	23.0	2.9301186	0.012757001	166000	391.9611384868622
166	-41.9667	45.532337	-11.67014	-120.71197	4.75	4.7631397	12.0	0.0	162.0	15902.0	0.09522155688622755	-22.041334	7.600232	-6.5951433	-27.118826	1.9258075	2.7631028	16.559782	0.03231114	1.4305114e-08	-0.0030139869	-1.3828277e-08	-0.017914068	25.229298	-3.5640717	4.59455	-1.1935196	0	0	4.0	2.925696	0.013890514	167000	395.4305410385132
167	-28.344576	39.655174	-10.031869	-133.11963	15.0	12.020815	36.0	0.0	101.25	16022.0	0.09536904761904762	-20.495188	8.175624	-8.519679	-28.255653	2.5692587	4.681569	19.330414	-0.98857474	1.0848045e-08	-0.0083064	8.59499e-08	-0.00014463437	24.87964	-2.89357	12.89946	-0.6187	0	0	4.0	2.9244251	0.01467265	168000	399.3693015575409
168	-35.010166	39.731945	-9.757266	-103.78357	15.5	13.647344	31.0	0.0	159.75	16084.0	0.0951715976331361	-21.408262	6.733506	-7.28627	-26.212624	1.5653688	3.6658137	19.50984	0.24006099	-2.1457673e-08	-0.0057709813	3.6239623e-08	0.015429205	26.77366	-13.528879	6.4389915	-4.7957916	0	0	9.0	2.9240994	0.014866825	169000	402.9417214393616
169	-24.485035	34.3036	-8.548806	-126.92929	15.9	11.78516	33.0	0.0	88.9	16243.0	0.09554705882352942	-15.513596	6.4790015	-7.15359	-22.528435	2.8065486	5.2341475	20.452526	0.038979053	-1.1920929e-09	-0.004146418	1.9812583e-07	-0.0051375874	31.328918	-8.750025	10.297593	-6.8142505	0	0	3.0	2.9272563	0.016698616	170000	407.14015674591064
170	-16.241793	7.8199553	-10.037127	-38.580173	17.6	14.941217	38.0	0.0	65.2	16419.0	0.09601754385964913	-14.209479	6.983167	-6.5215344	-24.82865	3.7306337	6.163691	21.523132	-2.28443	1.3947487e-08	-0.011457091	8.1539156e-08	-0.011297339	36.76175	-17.630713	22.396364	-11.568506	0	0	21.0	2.9290373	0.012902566	171000	411.40384316444397
171	-23.668163	33.540047	-9.114588	-129.47502	10.727273	6.4960256	21.0	2.0	84.09091	16537.0	0.09614534883720931	-14.3288355	8.130202	-5.61771	-24.777866	4.139761	5.416437	21.058342	0.0175336	-1.4305115e-09	-0.005930203	1.7929077e-07	0.015343837	33.55372	-10.14682	10.235879	-8.981261	0	0	4.0	2.9315703	0.017075062	172000	415.90057826042175
172	-21.60645	22.980476	-8.443915	-80.26932	16.25	10.697546	34.0	2.0	110.625	16693.0	0.09649132947976878	-11.118126	4.135614	-5.946249	-21.46433	2.0344126	6.0076337	21.428137	-1.9621536	-4.7445297e-08	-0.009592844	1.9550324e-08	-0.00024817753	39.096054	-22.766346	8.056807	-3.5139637	0	0	22.0	2.9326248	0.013378233	173000	420.0080313682556
173	-31.159538	29.509243	-8.594072	-90.65338	19.333334	12.982894	37.0	4.0	164.5	16809.0	0.09660344827586206	-14.266393	4.707429	-5.69941	-20.613308	1.808389	4.308033	21.929089	-1.1026351	-2.336502e-08	-0.0020906948	5.6743623e-08	-0.013179535	10.955445	-5.8458734	16.189426	-10.3185005	0	0	3.0	2.9299352	0.019419812	174000	423.9014027118683
